1 7.12308 5.30542
1 7.11883 5.7551
1 9.41942 8.40456
1 6.0067 4.98342
1 6.4202 5.61296
1 4.61727 3.61929
1 7.40988 6.5533
1 7.03281 6.98263
1 7.81346 6.83572
1 7.4383 5.92961
1 6.34223 5.64811
1 8.41101 7.89692
1 5.15402 4.66907
1 7.21485 6.85428
1 8.05036 7.34194
2 5.532 5.8734
2 7.79288 7.38186
2 9.72513 9.71796
2 8.91926 8.38135
2 3.14873 3.1185
2 4.68646 4.84102
2 6.20133 6.45761
2 6.57312 6.39478
2 7.52714 6.691
2 7.4396 6.93509
2 8.91239 8.62498
2 6.71839 6.92464
2 4.6688 4.45967
2 4.67617 4.35909
2 7.92587 7.73936
3 4.14304 5.14756
3 4.82126 6.38137
3 5.00643 5.93419
3 2.29709 4.18562
3 4.52742 5.97248
3 7.60615 8.35949
3 2.36617 3.2529
3 6.66246 7.62583
3 3.84334 5.87862
3 4.87046 6.0994
3 4.0147 4.70245
3 4.98746 5.66487
3 2.42341 4.31829
3 3.5376 5.28965
3 6.42783 7.59066
4 4.23799 5.0696
4 6.64124 6.5995
4 5.37936 5.66219
4 7.32758 6.74907
4 5.49206 5.22023
4 8.52713 8.666
4 6.01405 5.73775
4 4.97114 4.36665
4 5.44713 5.52096
4 5.59383 5.33125
4 5.56957 6.15574
4 6.43705 6.1113
4 4.99244 4.20839
4 6.27905 6.53874
4 8.15009 7.70512
5 8.59876 6.84395
5 6.93665 5.71631
5 5.89918 4.53636
5 5.97475 3.97432
5 7.41823 6.31989
5 8.0833 7.14006
5 6.48263 5.2822
5 7.59132 6.96323
5 5.93216 4.9037
5 10.7446 10.1496
5 8.44342 6.93744
5 4.54141 2.95577
5 8.80553 7.0912
5 6.18506 5.72625
5 8.09946 7.75813
6 8.56175 8.61913
6 4.59536 4.67331
6 9.19231 9.84976
6 5.80852 6.32195
6 3.33658 3.54334
6 4.54275 4.67658
6 3.42044 3.47622
6 6.60025 6.79862
6 7.79155 7.83573
6 4.30733 4.93426
6 5.50492 5.70572
6 6.60014 5.63649
6 4.48579 4.63502
6 2.41035 2.75936
6 4.13221 5.03373
7 6.23486 4.94149
7 6.25682 4.41606
7 7.25063 5.15125
7 6.33098 5.38625
7 8.10697 6.83254
7 6.79123 5.61564
7 8.8613 7.33575
7 8.77087 7.57462
7 6.2641 4.25213
7 4.99328 4.41738
7 5.63686 4.26146
7 8.32954 7.39863
7 11.5331 9.48972
7 8.50485 7.01938
7 6.38088 4.94146
8 8.52389 6.81657
8 6.66802 5.87894
8 6.98918 5.57279
8 7.13708 6.10847
8 5.19533 4.51457
8 6.81903 5.85078
8 9.84014 7.83199
8 6.61204 5.52658
8 6.73017 5.69686
8 8.02247 5.91749
8 6.3385 4.77366
8 6.15461 4.51625
8 8.20439 6.62122
8 4.87014 4.03806
8 8.11538 6.5909
9 6.86587 6.59037
9 9.46079 9.25554
9 5.34444 4.86842
9 8.21745 8.74527
9 3.63651 3.44654
9 5.74545 5.41788
9 9.32192 9.39664
9 6.49753 6.29518
9 7.42912 7.48046
9 6.14315 6.31051
9 4.62789 5.01411
9 5.7237 5.31487
9 7.0178 6.73004
9 7.63539 7.60522
9 4.6176 4.18747
10 7.02684 5.79106
10 4.41406 4.19706
10 7.04424 5.64116
10 6.59169 6.81521
10 4.91492 4.26223
10 7.9053 7.03416
10 7.29876 5.97751
10 6.03001 5.15134
10 7.16737 5.40972
10 5.59138 4.72808
10 8.48616 7.95737
10 5.34996 4.75683
10 7.79438 6.89337
10 6.70322 5.76799
10 7.08582 5.87712
11 5.19329 4.59818
11 8.93781 8.20573
11 3.73428 2.541
11 7.09727 6.42983
11 5.48019 4.83593
11 7.08122 6.35816
11 7.35468 6.44898
11 6.62857 6.12606
11 7.09992 5.91537
11 7.83609 6.75267
11 5.48671 5.51073
11 9.75342 9.24176
11 9.55701 7.91038
11 6.3893 5.72011
11 5.46775 5.31804
12 8.38773 8.46556
12 5.31611 4.89044
12 4.69383 4.48164
12 6.37268 5.52229
12 6.68874 6.74444
12 9.20311 8.16645
12 8.5839 7.61546
12 5.82446 5.48403
12 5.61591 5.84252
12 5.28022 4.73102
12 4.54821 3.94019
12 8.21375 8.31528
12 7.08351 7.23491
12 6.13816 4.80466
12 6.29826 5.36875
13 6.25741 7.16973
13 7.30954 7.37704
13 4.6632 4.93281
13 7.52805 7.85955
13 5.70796 5.38564
13 5.57209 5.58036
13 5.7517 5.2497
13 5.88392 6.37447
13 7.30044 7.97569
13 6.11171 6.76997
13 7.71066 8.27357
13 5.56325 5.69887
13 4.71203 4.88116
13 4.69349 5.38396
13 5.65854 6.08913
14 5.25001 4.70781
14 7.46817 6.60671
14 7.76762 6.59186
14 8.26154 7.67731
14 8.20563 7.13964
14 6.09145 4.83199
14 5.27744 4.48004
14 10.3902 9.35321
14 13.0144 11.6244
14 7.14623 6.83525
14 7.28501 6.64384
14 5.82579 4.75427
14 10.2573 8.41226
14 8.78037 7.87324
14 8.26752 7.30747
15 7.69786 6.80403
15 4.33918 3.97357
15 7.67061 7.47104
15 6.93877 6.29273
15 5.58459 5.73465
15 4.02003 3.81905
15 4.32014 4.74991
15 4.34082 4.34113
15 6.91591 7.08551
15 5.15634 4.65361
15 4.21624 4.76268
15 3.25733 2.46137
15 5.19781 4.41641
15 8.53757 8.71436
15 6.53123 6.28272
16 7.68193 6.87526
16 6.98773 6.40802
16 9.46461 8.80167
16 7.07684 5.67189
16 8.1054 6.94213
16 4.32943 3.91144
16 8.65208 7.02361
16 6.92493 5.67331
16 9.61367 8.21788
16 7.88696 6.79147
16 5.64401 4.47766
16 7.97048 6.09108
16 8.73126 7.67379
16 3.44151 3.28404
16 6.76801 5.96184
17 7.20455 5.8778
17 8.22086 7.52997
17 6.69159 5.63256
17 6.30219 5.51096
17 7.69557 6.48981
17 8.36182 7.73342
17 6.98568 5.73122
17 5.29018 4.07137
17 6.37355 5.05236
17 8.93357 6.92824
17 7.46168 5.61506
17 6.41702 5.13834
17 8.08175 7.10929
17 8.92335 7.85607
17 7.19587 6.22378
18 6.23386 4.56991
18 3.66937 2.09849
18 6.81098 5.05152
18 8.50925 7.76385
18 7.32051 5.48505
18 9.25654 8.14812
18 9.67248 8.46017
18 6.03421 5.63772
18 7.0727 5.75974
18 7.772 6.68759
18 9.37608 7.42308
18 8.42221 7.61492
18 6.80167 5.57601
18 8.50781 7.35914
18 5.80642 5.25611
19 6.75961 7.6416
19 3.94151 4.56524
19 4.92925 5.62272
19 7.44366 7.97911
19 4.98893 5.64573
19 6.50396 6.32402
19 5.60351 5.61912
19 6.5799 7.24831
19 6.80424 7.39135
19 4.21641 4.85306
19 5.28414 4.92218
19 4.36421 4.84933
19 7.60003 8.70154
19 4.29352 4.91607
19 6.47732 7.03616
20 7.10312 6.9999
20 7.10631 6.48216
20 4.96451 4.65971
20 4.41314 4.1364
20 4.98987 4.71866
20 8.45234 8.46302
20 7.28168 6.81123
20 4.40531 3.36716
20 9.60538 8.39502
20 8.4024 7.94334
20 4.2101 3.61706
20 4.30151 4.2359
20 8.31613 7.50072
20 6.17317 6.06299
20 10.0326 10.3356
